Kp = [ 3; 3; 3 ];
Kd = [ 100; 100; 100 ];